i_qscale_reverse: 255.0
dpos_qscale_reverse: 256
L1:
m: 8029.0
w:
    81	  -127	   -75	  -110	    39	    -3	   -77	    22	    23	   -60	  -101	    85	   -55	   106	    70	  -111	
  -126	    43	   -65	  -107	    58	   -82	    34	    13	   -92	    -4	    68	   -78	    69	  -106	    65	   -43	
    21	   -75	    59	   -42	   -55	   -99	    69	    94	   -37	    58	    66	   -83	   -66	  -104	   -80	  -125	
b:
-17174
-4833
-16651
18853
-29948
12747
-29299
-47320
-1610
-15619
-32344
-5378
-21212
-3059
-34639
22037

L2:
m: 8215.0
w:
    32	    35	   -27	   -10	   -25	    13	     6	   -39	   -22	    44	   -29	   -19	    38	     8	    51	   -41	     5	    11	   -27	    39	   -10	   -22	   -84	    -6	   -62	    27	   -16	   -62	    15	    29	   -22	    10	
    -8	   -20	     0	    34	    37	    50	   -47	    -4	     2	   -44	   -39	    -1	    15	   -24	    29	    52	    35	    32	    10	    24	   -12	     3	    46	    27	   -17	    17	    14	   -25	    50	    23	   -40	   -10	
   -20	   -24	     0	   -45	    -1	    21	    12	    55	    13	   -38	    10	   -12	   -74	    11	    -5	   -24	   -61	    46	   -42	     0	   -13	   -78	    19	    16	   -58	    -3	   -14	   -72	   -43	   -57	   -36	    29	
   -68	    -6	    -1	    22	    40	   -50	    14	     3	    19	   106	    -2	    49	    -5	   -26	    19	    64	   -43	   -18	     8	    34	     3	     6	   -69	    18	    28	    15	    11	    31	    30	     3	     0	    30	
    19	  -113	    15	    18	    38	   -22	    -3	     5	   -39	    12	    20	    40	   -46	   -11	     7	   -53	    17	   -37	     4	   -25	     4	   -91	   -27	    29	   -60	    21	   -34	   -15	    27	    18	    55	     5	
    20	   -14	   -66	    12	   -29	    13	   -62	    33	   -39	    57	     2	    14	   -54	   -34	   -15	    -2	    37	   -14	   -43	   -21	   -12	    -4	    42	     2	    11	    -9	    29	    -2	    10	   -52	   -27	   -10	
    12	   -49	    40	   -82	    11	     8	   -22	   -44	    18	     1	    20	    32	   -38	    34	    -8	    -6	     9	    37	   -12	    39	   -31	    16	   -43	    15	   -56	     5	   -19	   -59	     2	     1	    10	    22	
    40	    33	   -50	   -49	   -46	     3	    27	    -7	    32	    -1	     0	   -48	     2	   -28	   -31	   -22	     4	   -19	     1	   -50	   -31	    -1	   -79	    12	   -60	    39	    26	    60	     3	   -26	   -44	    19	
    -4	     6	    -6	   -41	   -17	     6	   -57	    10	   -39	   -26	     2	    44	    15	   -14	    27	    20	    48	     0	    -1	   -28	     1	   -23	    36	    -2	   -12	   -25	    -3	    29	     0	   -33	    -8	    -9	
     1	     9	     8	   -40	     1	   -11	   -13	    23	    44	    32	    21	    -6	   -65	    20	    -5	   -39	    -3	    15	     9	    12	   -44	    33	    46	     3	   -59	    19	   -29	   -84	   -26	   -68	   -68	    30	
     7	   -34	     8	   -53	   -27	    -6	   -62	   -63	   -24	    22	    36	   -17	    19	    22	    -4	    34	    61	    19	    34	    24	   -38	    49	     9	    21	   -12	   -25	    -9	   -30	    27	    -8	    -9	     5	
    26	    16	     9	   -44	   -22	    -6	   -37	    37	   -70	   -76	    11	    58	    26	   -37	    23	    -1	    61	     9	    19	    -2	    17	   -52	    43	   -14	   -37	   -13	   -17	    30	   -21	   -27	    -6	     2	
     0	    17	    23	    16	   -15	    56	   -44	    29	   -90	   -58	    -9	    34	    -7	    -1	   -19	    -1	   -17	    18	   -43	    20	    10	  -106	     7	    23	   -14	    29	     9	   -24	     8	    38	    -1	   -14	
    20	   -21	    -1	   -64	   -38	    12	   -16	    45	   -29	   -73	    26	    67	     3	   -10	    41	    25	    60	     3	    37	   -31	    31	   -65	    68	    -9	   -56	   -23	   -32	    32	    -4	   -23	   -16	     0	
     1	  -127	    20	   -24	    55	   -31	    24	    12	   -51	    53	     9	   -28	   -64	    -1	    -5	   -24	   -36	   -52	    33	   -23	    30	   -65	   -28	    29	   -35	    10	   -58	   -23	    33	    -6	    55	     5	
   -18	   -54	    -3	   -31	   -31	   -46	   -54	   -27	    -7	     4	   -81	    50	    -5	   -39	   -21	    33	    60	   -34	    49	    55	     0	    25	   -34	     6	    -2	    12	    37	    27	    19	   -10	    34	    19	
    -8	     0	    22	   -66	   -52	     2	    -1	    -7	     9	   -45	     9	    35	   -44	    -3	   -55	   -19	   -37	     3	   -48	    -8	   -10	   -43	    20	     1	    -4	    14	    20	   -34	     3	   -14	     0	     4	
    -7	    22	     8	   -40	     7	    -4	    16	   -36	   -29	    -8	    -4	    26	    -6	    15	    29	    20	   -21	     5	   -46	    15	   -42	    -5	    15	    10	     3	    -4	   -33	    -9	   -29	     6	   -20	     9	
b:
-10951
-220
-13198
14396
-6168
-7546
-16
-5643
-3709
-13941
-8053
-39426
6920
-4424
-14873
-17678
-14433
-11526
4737
-18129
680
2846
-18237
-23797
7529
-22301
-7544
2461
-18961
-3959
-5397
-21730

L3:
m: 6088.0
w:
   -13	    18	   -26	   -55	   -21	   -22	    68	   -15	   -45	    43	    17	     1	     1	   -17	    27	     1	    15	     1	    41	   -83	    -9	   -61	    20	    34	   -18	   -59	    17	   -20	    11	     4	   -20	    14	
   -23	   -14	    -6	    24	   -27	    -1	    46	   -31	   -25	   -34	    30	    51	    -2	    12	    -8	   -65	     9	     9	     4	   -28	     2	   -13	     3	   -34	    35	   -66	    -3	     7	   -31	    49	     7	   -93	
    18	    -2	    22	    11	    -9	    30	   -36	   -13	   -35	   -25	   -19	   -53	    -2	   -62	    43	   -11	     2	     5	   -34	    16	    26	   -38	   -21	   -68	    -9	   -51	    16	    14	   -33	    15	    12	    61	
     9	     3	   -25	   -71	   -20	    10	    13	   -14	  -114	   -33	    -7	   -19	    35	    28	    24	   -19	    48	   -40	     9	     1	   -91	    14	   -20	    34	    40	    48	     4	   -32	    16	   -52	    25	    13	
   -44	    -4	    34	   -37	   -28	    27	    47	    52	   -17	   -13	    -4	     2	   -19	    14	     3	    22	    20	    19	   -57	   -35	   -46	     3	   -27	    43	   -62	   -39	    19	   -21	   -27	     5	    44	   -32	
    38	     9	   -13	    -3	     7	     9	     3	   -32	    -2	    14	    36	    37	    11	    39	    10	   -13	    23	    -3	   -58	   -31	   -21	   -78	     8	   -62	   -31	   -76	     4	   -28	    24	   -22	  -127	    -7	
     8	    -2	    -1	   -13	   -22	    24	   -39	     9	   -41	    25	    12	    14	   -17	   -11	   -49	    11	    10	    22	    52	   -24	   -34	  -102	    68	     7	    19	   -14	     9	   -24	   -25	    33	   -10	    -1	
    -8	    43	   -22	  -101	     3	    42	    14	   -34	     1	    38	    -3	    -5	   -49	    10	   -30	    -6	   -17	   -42	    39	   -22	    13	    28	    14	   -31	   -13	    12	    19	   -38	    26	   -17	     4	   -75	
   -11	   -33	     1	   -17	   -17	    31	    46	    26	    26	   -14	   -34	   -29	    25	   -43	    -6	    15	    54	    21	   -21	    28	   -44	   -95	    -2	   -28	     9	    -2	   -23	    46	   -26	    31	   -16	   -83	
    50	   -29	    13	   -17	   -15	    -1	   -27	    28	   -52	   -23	    -8	    20	    27	     5	    -9	   -56	    36	   -38	    28	   -62	   -66	   -24	    24	    35	   -11	   -27	    16	    17	    -6	    19	     8	   -49	
    38	     8	   -47	   -15	   -50	   -33	   -11	     2	  -112	    53	    -9	   -18	    33	     5	    33	    13	   -16	     0	    12	   -35	    44	    23	    10	    44	     7	    -5	     5	   -55	    -1	   -13	     6	   -11	
   -34	    41	     1	    -9	   -10	   -32	   -57	   -15	   -69	     1	    26	   -22	    13	    -2	    14	    39	    56	   -26	    66	    42	   -10	    10	   -16	   -21	   -10	    13	     8	   -44	   -19	     9	    91	   -54	
    -5	   -12	    16	   -43	   -13	    35	    44	    -9	    31	    35	    24	    -6	   -47	    26	    53	    21	     0	     4	   -55	   -21	   -25	    11	     5	   -58	     9	    36	    -3	    14	    32	     9	   -14	    45	
    20	   -56	   -10	    32	     5	    22	   -47	     4	     0	    11	    51	    30	    -4	    45	    14	    -9	   -21	    15	   -30	    26	   -31	   -41	    34	   -17	    26	   -46	   -12	    27	     8	    -8	   -43	   -21	
   -42	    14	     9	   -23	   -26	    -1	    20	     4	   -50	   -20	    10	    13	    -1	   -53	     7	    13	     5	   -52	    43	   -66	   -84	    31	    21	   -21	   -74	   -97	    13	    34	     4	   -38	   -36	     4	
   -23	   -28	     8	    21	    40	   -21	  -109	    20	    10	    20	   -16	    -6	    10	   -17	    20	    62	   -16	    12	    10	   -58	    -6	    45	    21	    -2	    -6	   -84	     0	   -53	   -24	   -15	   -12	     8	
   -20	     8	    58	   -28	   -26	    33	    10	    15	     6	    19	    -6	     2	    -7	   -18	    91	    22	   -11	   -17	     7	    36	    17	    12	    16	   -94	    -6	    53	    -3	    67	    44	   -12	   -30	   -86	
    60	    -8	    24	   -40	    21	    37	    25	     1	    16	    46	    26	    23	     9	    58	     3	    10	    -6	    27	   -37	    23	   -18	   -83	    25	    48	    32	   -12	    -1	   -22	    -7	   -17	    19	    22	
    35	   -42	    30	   -13	   -40	    41	    -1	   -25	    41	    15	   -16	   -40	     1	   -27	    37	    51	     5	   -39	    10	    -8	    -1	    30	   -12	    41	    25	    47	    44	    69	     2	   -24	   -24	    10	
     5	    27	    28	   -17	    24	   -23	  -103	     5	    32	    31	    -7	    16	    -5	   -16	    -6	    -8	   -12	   -17	   -47	    18	    22	   -38	    28	   -49	   -14	    12	     7	   -29	   -13	   -33	   -60	     8	
    11	   -37	   -42	   -23	   -24	   -10	    41	     3	    18	     6	     6	   -13	   -25	   -34	   -29	    -1	     5	   -18	   -29	    27	    60	    33	   -14	   -44	    -4	     8	    15	     2	    10	   -56	    66	   -21	
   -59	   -25	    40	   -32	    27	    26	   -19	   -26	   -57	   -23	   -45	    32	    -3	    -5	   -47	    39	   -12	    -8	   -21	    20	   -44	    35	    31	   -31	    29	   -14	    17	    36	     2	   -13	   -36	   -33	
    18	    10	   -23	   -10	    -6	    27	   -45	   -45	     0	     5	     9	    25	   -50	     9	   -12	    -3	   -36	    14	    23	    31	   -17	    55	   -24	    61	    -4	    37	   -16	    58	    59	    33	    15	    -7	
   -28	    28	    25	   -60	   -10	     6	    22	    -1	   -20	   -24	   -23	     0	    68	   -26	   -21	     1	    -7	    21	   -43	   -60	   -44	    38	   -11	   -30	   -63	   -37	    34	   -52	    -2	   -18	   -86	   -53	
   -27	    12	    18	     8	    11	    42	   -36	     9	   -42	   -12	   -40	    27	   -31	     4	     4	   -22	    40	   -34	   -30	    -5	     2	    44	   -23	    15	    79	    12	    12	    43	   -51	   -57	    54	   -25	
    10	    71	    20	   -39	    50	    49	   -10	   -15	    11	    -8	    23	   -20	    -9	   -47	    -6	   -12	   -48	    23	    17	   -37	    34	    28	   -24	    -3	     8	   -90	    23	   -57	    -8	    34	   -45	   -53	
   -11	   -34	   -51	    21	    41	    -5	    14	   -51	    16	    -1	    16	    18	    17	   -57	    -8	    23	   -26	   -44	    -3	    24	    43	   -12	   -60	    45	    27	     9	    13	    20	   -31	     2	   -75	   -25	
   -17	   -27	     6	     2	    10	    12	    23	   -46	    35	     9	     0	    41	   -13	    19	    -5	    14	   -22	   -48	    43	   -62	    51	     5	    20	    40	    37	   -37	   -11	  -110	    59	     8	   -47	   -38	
    59	   -22	   -11	    -5	    10	   -17	    52	   -23	    24	   -23	    48	    -1	    10	    -2	   -20	   -12	    53	   -12	     3	    32	    36	    27	    19	   -59	    32	    17	    44	    -7	    30	   -13	   -59	    23	
   -82	    46	    11	    -5	   -40	     3	     6	    25	   -13	    33	    19	    23	     2	    12	   -25	    12	    60	    20	   -75	    13	    31	    20	    11	    19	    -6	   -24	    -9	   -48	    -5	    -7	    35	     1	
    66	   -28	    12	    43	   -57	   -11	   -37	    10	    28	    13	    -9	     6	     0	     1	   -31	   -39	     1	     0	   -87	   -20	    43	   -24	    -7	    -2	     8	   -44	    11	     6	   -27	    43	    28	    40	
   -56	    -4	   -31	   -28	   -29	    -1	    24	    24	    31	   -17	    42	    -9	     9	    38	    54	    10	    -2	     0	    -2	    63	   -44	    38	    37	     3	     0	    24	    16	    10	   -17	    -4	   -17	   -23	
     7	     7	    -3	    -1	     7	    -8	     2	    -2	   -15	     5	     1	    -5	    12	     3	    -4	     8	   -18	     4	    -3	    -2	     7	     8	   -10	    -8	   -14	    -9	    -9	     9	    -7	     3	    -7	     3	
   -19	    -4	    16	   -23	     4	     0	     6	    -6	   -11	   -19	     2	    16	   -11	    13	     9	     0	   -21	   -13	    12	    11	   -14	     8	    -2	     1	   -10	    -6	     3	    -2	    -1	     0	    -2	    -2	
b:
-5936
-7034
-15495
6366
-3017
-17139
-10233
53
6242
-9368
-12471
-16048
-10052
-6161
-13288
-12216
-8040
1478
-6108
-3336
-3122
-9965
-7775
-4479
-9441
976
-13356
-6098
-6117
-3262
-2660
5297

L4:
m: 8550.0
w:
     2	     8	   -29	    32	     0	    42	    26	     6	   -51	   -15	   -32	   -24	   -73	   -95	   -13	    12	   -18	   -26	    32	   -13	    37	    94	   -36	    -4	   -66	    -7	    36	    21	    -7	   -22	    19	   -97	
   -10	    10	   -35	   -23	     5	   -17	     4	     9	   -21	    16	    33	   -41	    14	   -13	    42	    16	   -11	   -10	   -91	   -58	   -67	   -90	   -10	   -40	     9	    31	    12	   -47	   -16	   -54	   -27	   -26	
    79	     6	   -10	   -32	   -38	     6	    25	    20	     8	   -27	     9	   -56	     2	   -75	   -37	   -25	    15	    15	    63	   -25	    26	    27	    37	   -29	    76	    -6	    -1	   -30	   -15	   -17	   -10	   -19	
   -29	   -32	    86	    -7	   -70	   -32	     3	    34	   -53	   -18	   -31	    37	   -61	    55	   -23	    14	     1	   -22	    20	    -8	    52	    55	    31	   -22	    23	     0	    19	     3	     9	   -19	   -27	   -39	
     3	    -7	   -29	   -31	   -43	   -42	     1	    15	   -32	    36	    13	     3	    19	    11	    22	   -28	    -3	  -106	   -22	   -30	   -30	    37	    30	    -8	   -54	   -22	   -12	   -11	  -127	   -10	   -13	   -56	
   -65	    15	   -21	   -71	   -22	    -6	     4	    11	   -35	   -19	   -75	   -47	   -33	   -51	     3	   -12	     9	   -16	    29	   -20	     8	    75	    58	     4	    22	   -20	    17	    50	    14	    15	    38	    -3	
   -42	    35	    -7	   -29	    31	    34	    15	   -10	     1	    -9	   -42	    48	     5	   -50	    49	   -36	    -5	    -5	   -25	     3	    -4	   -36	   -37	   -29	   -22	     1	   -18	   -50	   -17	    52	    -7	   -29	
   -26	   -37	    32	   -16	     8	   -30	   -12	   -40	   -17	     7	    -6	   -39	    31	    28	     3	   -35	    17	   -18	   -33	    17	   -48	   -62	   -54	    31	    27	   -60	   -25	     0	   -24	    23	    -9	    26	
    18	   -30	    24	    53	    -3	     2	   -17	    18	   -43	    73	    53	    -2	   -20	    -1	   -31	   -32	    44	   -37	    36	     3	    46	     0	    -1	    25	   -36	   -11	   -18	   -24	    10	   -25	    33	   -20	
    18	    16	    17	   -11	     5	    -8	    85	    36	   -16	   -24	   -70	    17	   -11	    19	   -10	    37	   -15	    26	    38	    17	    12	    18	    -2	    -3	  -106	    13	    10	    11	     3	   -20	   -33	    52	
   -21	   -21	   -32	    83	   -47	    -2	    43	   -25	   -11	    45	    -3	   -69	   -19	    46	   -44	     3	   -21	   -44	   -49	   -35	   -31	    -9	     0	   -37	    16	    -5	     7	   -33	   -24	    39	   -27	   -60	
   -16	   -38	     5	   -17	   -73	   -28	   -25	   -23	   -18	   -26	   -13	    59	   -21	   -24	    -2	   -48	     4	    -4	     8	    42	    41	    22	     9	    39	   -21	    -7	   -65	    37	   -19	    40	    -4	   -65	
   -16	    56	    18	    14	    70	    -3	   -16	    28	     3	    11	    20	    -6	    33	    19	    42	     6	   -20	   -53	    24	    11	   -80	   -23	   -68	   -47	    -8	   -19	    47	    51	   -68	   -20	    -6	   -31	
   -51	   -22	    10	   -58	    29	     3	    34	   -35	    -4	   -10	     2	   -14	    -8	   -21	   -20	   -34	    10	   -63	    25	    30	    11	    65	   -16	   -43	    37	    13	   -50	   -40	     4	    26	     2	   -93	
    61	    10	    35	   -38	    82	    64	     0	   -60	    24	   -21	   -80	   -66	   -12	     0	   -16	   -25	     0	   -10	   -35	   -16	   -22	   -22	    21	   -18	   -27	   -13	   -21	    20	    29	    10	   -10	    20	
    54	    -3	   -11	   -66	    -3	   -56	   -65	   -37	    49	    -7	    -6	   -48	     7	    11	   -21	     3	   -55	    42	   -60	   -13	   -44	   -17	   -31	   -21	    26	   -22	     1	     2	   -14	   -15	    -7	    50	
    22	   -16	    38	    19	   -30	   -47	     3	    -5	    32	     3	   -19	    89	   -20	    75	    18	   -26	   -24	   -30	    16	   -28	    29	   -34	   -32	    38	  -103	    -4	   -21	   -42	   -27	    -8	     4	    42	
    42	    30	   -39	    -6	    29	   -52	   -36	     3	   -14	    13	    13	    31	    58	     6	     3	     6	   -11	   -52	   -83	   -44	    61	   -13	   -16	   -10	   -50	   -27	   -14	   -17	    35	   -41	    -1	    83	
    34	   -50	   -63	   -36	   -50	    12	   -53	   -14	   -43	    10	   -18	    -7	   -44	    46	   -38	   -24	   -33	   -21	   -20	   -23	   -24	    -6	    20	   -36	    44	    42	    -7	    32	     6	     0	   -27	   -58	
    20	     2	   -70	     4	   -20	   -40	   -14	   -36	   -11	     4	    -4	    -9	    34	   -28	   -15	    -5	    20	    32	   -98	   -25	    74	  -111	    18	    25	    10	   -13	   -32	   -81	    -1	    18	   -15	    26	
   -10	   -23	   -37	    14	    -4	   -50	    17	    42	   -22	    12	     9	    -7	     8	     0	   -48	    47	    29	     3	   -74	    33	    -6	   -51	    20	    14	   -34	    16	    55	   -57	   -20	    -9	    23	     7	
   -99	   -15	    29	   -31	   -22	     3	   -57	   -12	    10	    -6	   -91	    38	    -3	   -42	     1	    15	   -30	     6	   -59	   -46	    37	    27	    25	    28	    18	   -25	   -35	    17	   -68	     2	    -5	   -76	
   -55	   -26	   -15	   -10	   -17	   -18	    19	   -33	     3	    23	    17	   -18	    27	    57	    -3	   -19	    27	     0	     7	    54	   -62	  -114	   -52	   -44	    36	   -14	   -11	    -6	   -59	    34	     8	    16	
     9	   -14	   -72	   -27	    25	    24	    -9	   -29	   -36	   -38	   -32	    -9	   -53	   -23	   -22	    -1	   -12	    -7	    46	   -49	    24	    15	    26	    32	   -26	    21	   -40	   -33	    29	   -28	   -17	    35	
    -2	     4	     0	   -44	     2	   -19	    29	    52	   -21	    27	   -93	   -15	    -8	    -7	    28	    27	    32	   -38	    45	    38	   -48	   -56	    20	   -38	     1	     7	     2	    20	    29	   -16	    43	    12	
    66	    -5	    27	     9	    56	    42	   -11	     7	   -91	     9	    43	    10	   -14	    16	   -22	   -21	    21	   -27	  -103	   -59	    -7	   -55	   -27	    40	     1	   -32	   -12	   -11	    46	     2	    38	   -24	
   -14	    -1	    12	    62	   -28	     3	   -71	   -13	   -84	   -18	    -6	    12	   -59	    10	   -20	   -63	     5	   -23	    17	   -40	    32	   -32	    37	   -40	    -8	   -29	   -47	   -15	   -28	   -15	     5	   -63	
    17	   -27	   -40	    28	   -32	    57	    10	   -57	    47	    -6	     7	   -26	   -51	    -5	     7	   -11	    -2	  -103	    15	    -9	   -73	     2	     1	    43	     6	   -42	   -31	   -23	    -7	     2	    -8	   -43	
   -76	   -31	   -31	     9	   -48	   -24	    40	    11	   -38	    27	    42	   -31	    41	    73	   -28	   -20	    45	   -40	     4	    31	    -8	   103	   -50	    -6	    10	   -24	     8	   -30	     4	    37	    49	    40	
   -49	    24	     6	    28	    52	    42	   -60	    -5	    20	   -28	    -6	   -39	   -39	  -106	    18	    40	   -53	     3	    13	    21	    -7	    42	   -10	    13	    28	    42	   -39	    18	     1	   -18	    -1	    30	
   -31	    29	    59	   -71	    39	    -3	   -55	   -40	    47	   -59	   -23	     1	   -36	    22	     5	    50	   -22	   -22	   -20	   -36	    -9	   -78	    -1	   -52	     6	    11	   -48	    21	   -17	   -13	     7	    41	
    41	     4	     8	   -62	    -3	   -40	   -34	   -70	    56	   -29	   -47	    21	    -2	    74	     5	   -16	   -82	   -55	   -31	   -34	     2	   -28	    28	   -24	     1	   -21	    27	    10	   -11	   -15	   -36	     4	
     0	    -4	   -10	    -3	    -2	    -3	     0	     5	    -7	    -2	     1	    -2	     1	     1	    -3	     0	     0	    -3	     0	     1	    -1	    -5	    -5	    -1	    -5	     0	     3	    -5	     0	     1	     0	     2	
    -3	     1	    -5	    -2	    -3	    -1	     1	    -1	   -10	    -2	     1	    -2	    -1	    -1	     1	    -1	     0	     5	     0	     2	     1	     0	     1	    -8	     0	     2	    -2	     1	   -10	     3	     1	     0	
b:
-3028
-402
-937
-594
-1737
-551
-1307
-2119
4232
-2303
161
-2474
-1172
-7871
-986
-644
-2097
5868
-678
110
-5041
-4380
-6136
-128
-3360
-275
-738
-1269
1075
-3034
-2714
-1038

FC:
w:
   -27	    29	
    -3	     0	
    -9	     6	
   -37	    35	
    -5	     5	
     3	    -4	
    22	   -25	
    10	   -13	
   -37	    38	
     6	    -5	
     6	    -4	
    18	   -16	
    34	   -31	
    -9	     9	
    -8	     9	
    24	   -23	
     7	    -7	
    -6	     6	
    49	   -47	
    26	   -25	
    -4	     2	
    19	   -17	
    10	   -10	
   -34	    33	
    22	   -22	
     4	    -2	
    13	   -15	
    10	   -11	
    -8	    10	
     7	    -4	
    18	   -20	
   -36	    32	
   -43	    42	
   -42	    41	
   -45	    46	
     8	   -11	
   -43	    43	
     2	    -2	
    31	   -30	
    22	   -23	
   -23	    21	
     1	    -3	
    10	   -13	
    -2	     1	
    -3	     4	
    -7	     6	
   -26	    26	
    14	   -13	
    12	   -12	
   -11	    11	
     9	    -6	
    33	   -32	
    15	   -18	
     7	    -5	
    37	   -40	
   -12	    14	
   -23	    27	
    21	   -23	
    22	   -24	
    18	   -20	
   -21	    21	
     4	    -3	
    24	   -21	
   -34	    31	
   -15	    15	
   -14	    13	
   -15	    18	
   -20	    19	
    -7	     7	
    -4	     4	
    27	   -31	
     9	   -10	
    -4	     1	
    -9	    10	
     0	     1	
     3	    -6	
   -12	    13	
   -27	    26	
    -6	     4	
    17	   -16	
    17	   -15	
    -6	     8	
    26	   -26	
    29	   -29	
   -13	    14	
     2	    -4	
    49	   -48	
    -6	     5	
    16	   -16	
     5	    -4	
    19	   -18	
   -17	    16	
     9	    -9	
    24	   -21	
    30	   -31	
   -35	    34	
   -17	    16	
   -17	    17	
   -19	    19	
    24	   -24	
    -2	     3	
    -3	     0	
     2	    -1	
   -17	    15	
    18	   -16	
    20	   -20	
    25	   -22	
   -12	    14	
   -22	    22	
   -23	    21	
    -1	     2	
     4	    -3	
    25	   -26	
    31	   -29	
    16	   -16	
    20	   -21	
    -1	     3	
    -1	     0	
    32	   -36	
     0	    -2	
     5	    -6	
    26	   -24	
     2	    -1	
   -22	    21	
    13	   -12	
     1	    -2	
    26	   -23	
   -39	    40	
   -21	    23	
    -9	     7	
   -15	    17	
     3	    -3	
    17	   -18	
     9	   -11	
    17	   -19	
    -5	     3	
   -34	    37	
     2	     1	
    11	   -12	
   -30	    33	
   -35	    33	
   -27	    29	
   -30	    30	
    29	   -30	
    -3	     4	
     7	    -9	
    11	   -13	
   -21	    22	
     7	    -8	
    34	   -33	
    -8	     8	
    10	   -10	
   -30	    32	
    20	   -23	
    22	   -20	
   -17	    19	
   -10	     9	
     2	     0	
    46	   -45	
   -27	    24	
   -17	    18	
   -26	    28	
    -8	    11	
   -42	    43	
   -13	    13	
   -10	    14	
    15	   -13	
     3	    -6	
    -5	     6	
     2	    -1	
   -12	    10	
     2	    -2	
   -36	    35	
   -20	    19	
   -43	    43	
    -6	     4	
    19	   -18	
     5	    -5	
     3	    -3	
    20	   -19	
    -8	     8	
   -31	    30	
   -54	    54	
   -14	    14	
   -10	    11	
     9	   -11	
    -5	     2	
   -20	    18	
   -22	    25	
    35	   -32	
    34	   -34	
   -13	    10	
   -28	    27	
     2	    -4	
   -44	    41	
    31	   -32	
   -34	    35	
    -8	     9	
   -22	    21	
   -15	    15	
   -29	    27	
     7	    -6	
   -18	    19	
     7	   -10	
   -36	    35	
   -11	     9	
     6	    -6	
   -29	    25	
     0	    -1	
   -21	    20	
    27	   -27	
    17	   -14	
    10	   -11	
    38	   -38	
    30	   -29	
   -27	    27	
    33	   -30	
    -2	     2	
   -27	    29	
     2	     0	
   -44	    44	
   -12	    11	
    31	   -29	
   -36	    38	
   -38	    35	
    15	   -12	
    19	   -18	
    36	   -37	
     2	    -1	
   -15	    13	
    -6	     3	
     6	    -7	
     8	    -9	
    34	   -36	
   -20	    23	
    32	   -29	
     3	    -1	
    27	   -30	
     7	    -7	
    30	   -31	
    35	   -35	
    -6	     7	
    -5	     8	
   -18	    20	
     7	    -5	
   -32	    33	
    -8	     9	
    15	   -16	
     4	    -5	
    15	   -17	
   -24	    24	
   -22	    22	
     0	    -2	
   -15	    14	
    20	   -19	
    44	   -43	
    21	   -17	
   -15	    19	
   -10	    12	
   -11	    11	
   -30	    31	
   -16	    14	
    27	   -27	
   -14	    12	
   -36	    35	
    24	   -24	
     7	    -8	
   -14	    15	
    10	    -6	
     2	    -4	
   -15	    15	
    30	   -29	
    -5	     3	
   -17	    17	
    45	   -43	
    31	   -30	
     4	    -4	
   -17	    16	
    20	   -19	
   -19	    17	
    44	   -43	
     2	     1	
    42	   -45	
     4	    -1	
    -6	     5	
    31	   -34	
    21	   -21	
   -18	    21	
   -17	    17	
   -22	    22	
   -37	    37	
     1	    -1	
   -38	    40	
   -28	    26	
    44	   -43	
    -1	     0	
   -24	    23	
     4	    -7	
     0	    -1	
   -34	    34	
     5	    -3	
   -12	    12	
   -26	    26	
    16	   -16	
    18	   -16	
   -16	    16	
     2	     0	
    13	   -11	
   -11	    12	
    17	   -14	
   -13	    14	
    -2	     1	
   -21	    22	
    10	   -12	
    24	   -26	
    -3	     2	
   -12	    13	
    14	   -12	
     1	     0	
     1	    -1	
    22	   -22	
   -22	    21	
    -3	     5	
    11	   -12	
   -21	    22	
   -22	    23	
    35	   -37	
    33	   -35	
    -6	     7	
     1	    -1	
    -2	     2	
   -16	    18	
     8	    -8	
   -17	    20	
    -7	     8	
    16	   -17	
    33	   -36	
    23	   -24	
    18	   -15	
    42	   -43	
    15	   -13	
    34	   -35	
    21	   -19	
   -12	    12	
    10	    -8	
    39	   -39	
    21	   -22	
   -26	    22	
    18	   -19	
    -7	     7	
    -1	     3	
   -26	    28	
    -6	     7	
    -6	     7	
     1	     0	
    20	   -22	
   -17	    15	
    -1	     1	
    19	   -17	
     3	    -3	
    28	   -28	
    -5	     8	
    27	   -29	
   -20	    18	
    -8	     7	
     6	    -8	
   -16	    18	
    -3	     0	
    -8	     8	
    30	   -32	
    32	   -32	
   -13	    13	
     0	    -3	
    44	   -46	
    24	   -27	
   -21	    18	
     8	   -10	
    31	   -32	
     6	    -3	
   -19	    17	
     1	     1	
   -26	    28	
    -5	     3	
   -30	    29	
    11	   -10	
   -23	    22	
   -25	    21	
    24	   -24	
     4	    -7	
    24	   -25	
    11	   -14	
    14	   -12	
   -32	    34	
    47	   -47	
   -15	    15	
   -10	     9	
   -11	    12	
   -25	    25	
    -4	     6	
   -14	    12	
    27	   -24	
   -10	    11	
    47	   -48	
     8	    -6	
   -10	    12	
    30	   -29	
   -19	    22	
    -5	     1	
   -15	    12	
    -3	     2	
    23	   -25	
    -4	     7	
    -7	     6	
    19	   -18	
    20	   -19	
   -14	    16	
     9	   -10	
   -15	    17	
   -33	    36	
    37	   -36	
    -5	     3	
   -16	    15	
    -3	     1	
    10	    -8	
   -25	    27	
    62	   -62	
    18	   -16	
   -70	    72	
    -6	     6	
   -36	    34	
   -24	    23	
   -18	    19	
    47	   -48	
   -13	    12	
    21	   -21	
    13	   -12	
   -39	    37	
   -27	    23	
    20	   -18	
   -17	    20	
    16	   -14	
   -26	    27	
    -6	     6	
     3	    -1	
   -22	    21	
    23	   -21	
    51	   -50	
    -2	     5	
   -10	     9	
    -9	    10	
     6	    -6	
    29	   -30	
    21	   -24	
    25	   -27	
    -4	     7	
    20	   -22	
   -10	     9	
    36	   -36	
   -14	    13	
   -16	    15	
   -19	    16	
    -1	    -1	
   -37	    37	
   -17	    19	
    46	   -48	
    -9	     8	
    -4	     6	
    36	   -37	
   -31	    30	
     9	   -11	
    29	   -25	
    10	   -10	
    17	   -17	
    29	   -26	
     1	    -1	
    26	   -28	
     1	    -4	
    28	   -27	
    20	   -21	
   -29	    29	
   -48	    48	
   -14	    13	
   -25	    24	
    -7	     8	
   -27	    29	
   -39	    40	
    -1	     1	
    -6	     7	
    60	   -61	
   -15	    16	
   -14	    11	
   -48	    48	
   -19	    16	
   -45	    47	
     2	    -2	
   -11	    14	
     2	    -1	
    67	   -66	
    -2	     2	
     2	    -2	
    -3	     4	
   -29	    30	
    -4	     5	
   -20	    21	
     3	    -2	
   -16	    15	
   -19	    22	
     2	    -2	
    14	   -16	
    -2	     3	
   -18	    18	
   -20	    19	
    11	   -13	
   -12	    14	
   -36	    36	
    22	   -25	
   -18	    20	
   -25	    24	
   -15	    15	
    34	   -32	
   -24	    24	
    59	   -58	
    31	   -29	
    -2	     2	
    -1	     4	
    27	   -27	
   -18	    17	
    35	   -38	
     9	   -10	
   -26	    28	
    17	   -16	
    26	   -26	
   -40	    39	
   -54	    56	
   -19	    18	
   -26	    30	
    10	   -10	
     7	    -4	
    12	   -13	
   -34	    33	
   -36	    36	
    40	   -41	
    -1	     2	
     5	    -7	
    25	   -25	
   -24	    22	
   -47	    49	
    29	   -29	
   -11	    11	
   -13	    12	
    20	   -21	
    13	   -16	
    -9	     9	
    37	   -34	
    34	   -31	
   -25	    27	
   -17	    17	
    28	   -26	
   -27	    27	
    47	   -46	
    10	    -8	
   -18	    16	
   -37	    36	
     4	    -3	
   -13	    14	
   -22	    25	
   -39	    39	
   -10	    10	
    -3	     4	
    -3	     1	
    18	   -20	
   -28	    29	
   -17	    16	
     1	    -3	
   -13	    13	
    20	   -22	
     2	    -2	
   -22	    25	
    19	   -17	
    38	   -38	
   -34	    34	
   -30	    30	
    -1	     1	
    27	   -28	
    -9	     8	
    12	   -12	
    68	   -71	
    17	   -15	
   -13	    14	
    52	   -50	
   -26	    27	
    27	   -26	
    15	   -14	
   -38	    37	
   -28	    25	
    28	   -27	
    24	   -22	
   -13	    15	
   -15	    11	
   -12	    12	
   -38	    37	
   -15	    12	
    10	    -9	
   -37	    37	
    -1	    -1	
   -19	    17	
   -24	    23	
    11	   -11	
     2	    -4	
   -12	     9	
     1	     0	
    35	   -35	
    -5	     3	
   -28	    27	
     1	    -2	
    28	   -29	
    27	   -31	
    50	   -49	
    42	   -40	
   -28	    26	
     5	    -3	
     2	    -3	
   -12	    14	
    39	   -40	
    16	   -17	
     4	    -3	
   -20	    22	
     6	    -6	
   -45	    44	
    -5	     7	
     0	     1	
   -10	     7	
     5	    -6	
    21	   -21	
    13	   -15	
   -11	    10	
   -19	    19	
    -1	     1	
     3	    -5	
     7	    -6	
    24	   -24	
   -26	    27	
     1	    -1	
     9	    -6	
    11	   -14	
    10	    -8	
   -15	    14	
    -8	     6	
    -3	     2	
    11	   -11	
   -40	    40	
   -10	     6	
    10	   -10	
     4	    -3	
   -30	    29	
    13	   -15	
    50	   -50	
     3	     0	
   -16	    14	
     7	    -9	
   -14	    15	
   -24	    24	
    -9	     7	
   -26	    26	
   -23	    25	
     5	    -7	
     3	    -1	
    -6	    10	
     4	    -2	
    -5	     3	
    41	   -41	
    -7	    10	
   -28	    28	
   -22	    21	
   -26	    24	
    18	   -18	
    11	   -13	
   -28	    28	
     3	    -2	
    17	   -17	
   -32	    29	
    37	   -37	
    41	   -39	
     5	    -3	
   -23	    23	
   -30	    32	
   -27	    25	
    32	   -30	
    24	   -22	
   -11	    13	
    -2	     2	
    28	   -27	
   -36	    36	
   -20	    18	
   -24	    21	
    -2	     1	
    34	   -37	
    -4	     2	
    11	   -12	
     6	    -4	
   -12	    14	
    61	   -58	
     4	    -5	
   -14	    12	
    -5	     7	
   -10	    12	
     8	    -8	
    45	   -45	
    25	   -27	
    21	   -21	
    13	   -15	
    17	   -18	
    12	   -14	
    21	   -24	
    53	   -53	
    16	   -18	
    -8	    12	
     7	    -8	
   -22	    20	
    40	   -41	
    19	   -19	
   -11	     9	
    28	   -26	
    18	   -16	
    23	   -23	
    17	   -17	
    19	   -22	
    25	   -27	
   -13	    15	
    10	   -11	
    27	   -28	
     5	    -8	
   -11	    14	
     0	    -1	
    -9	     8	
   -31	    31	
    23	   -22	
   -36	    39	
    22	   -21	
    22	   -21	
   -27	    28	
   -22	    22	
    10	   -12	
     7	    -9	
    60	   -56	
    32	   -31	
    35	   -34	
   -21	    20	
    -2	     1	
   -34	    36	
   -54	    53	
   -12	    15	
    33	   -32	
    73	   -77	
   -13	    14	
     4	    -3	
    -8	     8	
   -31	    27	
   -11	    11	
    -8	     5	
    13	   -14	
   -33	    34	
    16	   -15	
     1	     2	
    25	   -25	
    -7	     7	
    28	   -29	
   -33	    33	
    44	   -44	
   -20	    18	
    -1	     2	
   -29	    28	
   -16	    15	
    -8	     9	
    18	   -17	
   -15	    13	
   -11	    12	
    24	   -27	
   -39	    39	
   -41	    41	
    22	   -21	
    36	   -37	
   -29	    30	
    28	   -29	
   -37	    38	
   -16	    17	
   -23	    23	
    -3	     3	
   -11	    13	
   -18	    19	
    -8	     9	
   -13	    14	
    25	   -23	
    28	   -30	
    19	   -19	
     4	    -5	
    -4	     1	
    15	   -16	
   -30	    29	
    35	   -35	
     6	    -7	
     3	    -3	
   -41	    38	
   -29	    28	
   -14	    16	
   -34	    34	
    38	   -35	
    -5	     3	
   -18	    15	
    17	   -16	
   -18	    21	
     7	    -9	
    43	   -43	
    46	   -46	
   -14	    16	
    15	   -13	
   -25	    26	
    -3	     3	
   -14	    16	
    18	   -18	
    10	    -9	
   -39	    37	
   -21	    21	
   -28	    29	
    19	   -21	
    16	   -18	
   -15	    16	
    -4	     5	
   -19	    17	
    43	   -41	
    -5	     4	
     4	    -7	
    18	   -19	
    18	   -14	
     1	     2	
    -4	     5	
    18	   -17	
   -36	    37	
     7	    -9	
    -9	    10	
   -14	    18	
     7	    -4	
    13	   -14	
   -15	    13	
    17	   -17	
    14	   -14	
    18	   -15	
    31	   -31	
    42	   -42	
    -4	     5	
    -6	     4	
   -18	    18	
   -44	    45	
   -12	    14	
   -32	    33	
   -18	    18	
    -6	     7	
     1	     0	
    27	   -25	
   -26	    25	
     9	    -6	
   -14	    16	
    30	   -28	
    36	   -38	
    -8	    11	
    12	   -11	
   -21	    22	
     4	    -4	
    -3	     4	
   -22	    21	
    20	   -17	
   -25	    25	
    -6	     6	
    17	   -14	
   -15	    12	
   -27	    27	
    26	   -30	
    12	   -13	
    12	   -13	
    13	   -15	
    -5	     5	
   -16	    18	
    -6	     9	
   -18	    18	
   -44	    43	
     2	    -2	
     5	    -5	
   -21	    21	
     4	    -8	
   -29	    32	
   -15	    12	
   -30	    29	
   -46	    43	
   -21	    22	
   -48	    48	
     7	    -5	
    17	   -19	
     9	    -9	
    -4	     6	
   -13	    13	
    16	   -17	
   -36	    36	
   -12	    13	
     0	     1	
    34	   -35	
   -11	    10	
    13	   -14	
   -18	    19	
    56	   -56	
     4	    -2	
    -5	     4	
     1	    -2	
     1	    -1	
    61	   -64	
   -16	    14	
    22	   -22	
    -8	    11	
   -16	    18	
    22	   -22	
   -11	    13	
    15	   -13	
    24	   -28	
    17	   -19	
    13	   -17	
    41	   -39	
     0	     0	
     6	    -5	
    32	   -35	
     1	     2	
     2	     1	
   -21	    21	
   -34	    35	
     3	     0	
   -38	    36	
     3	    -2	
   -42	    41	
    23	   -24	
    -6	     6	
    17	   -15	
   -31	    32	
    10	   -12	
     7	    -8	
    -9	     8	
     0	     0	
   -10	    12	
    24	   -27	
    -9	     9	
    17	   -20	
   -27	    27	
    12	   -14	
   -16	    17	
   -13	    13	
     9	    -8	
    13	   -12	
     8	    -7	
    -4	     5	
    -1	    -3	
    18	   -18	
   -65	    64	
    63	   -62	
    33	   -36	
   -38	    39	
    -2	     1	
   -19	    21	
    -6	     8	
   -39	    35	
     2	    -2	
   -29	    29	
    31	   -32	
     8	   -10	
   -11	    11	
   -21	    20	
   -12	    10	
    10	   -10	
   -41	    45	
     8	    -8	
    21	   -21	
    12	   -10	
   -33	    31	
    23	   -21	
     0	    -2	
    12	   -12	
    19	   -17	
    -2	     1	
    13	   -10	
   -12	    10	
    24	   -23	
   -12	    15	
    30	   -30	
    16	   -17	
     8	    -9	
   -19	    19	
    26	   -26	
   -64	    64	
   -38	    38	
   -24	    25	
   -15	    17	
     4	    -3	
   -20	    19	
    15	   -14	
    22	   -21	
   -30	    29	
   -45	    43	
   -15	    13	
   -36	    36	
   -61	    64	
   -71	    69	
    23	   -23	
   -25	    27	
    21	   -20	
    -6	     5	
    13	   -13	
     8	   -10	
     7	    -9	
    34	   -34	
     0	     0	
    18	   -19	
    11	   -11	
    13	   -12	
    11	   -12	
    -6	     6	
    34	   -34	
    -5	     6	
   -58	    58	
    -1	    -2	
     4	    -5	
    -4	     4	
   -16	    18	
     9	    -9	
   -16	    17	
    -4	     1	
     2	    -6	
    22	   -23	
    20	   -18	
    18	   -19	
   -49	    50	
    31	   -33	
    36	   -38	
   -19	    20	
    13	   -13	
   -61	    60	
    31	   -33	
   -20	    24	
   -24	    27	
   -13	    12	
    11	   -11	
    16	   -13	
   -26	    27	
   -25	    26	
    31	   -33	
    16	   -17	
   -16	    17	
    14	   -16	
   -40	    37	
   -28	    25	
    22	   -21	
    18	   -21	
    -2	     1	
     2	     0	
   -34	    35	
    28	   -28	
    -9	    12	
   -15	    14	
     3	    -3	
     7	    -5	
    -5	     6	
   -16	    17	
   -41	    39	
    27	   -27	
     9	   -11	
   -15	    16	
     7	    -6	
   -28	    30	
     5	    -5	
    -3	     2	
     1	     0	
     6	    -5	
   -13	    13	
   -24	    25	
     3	    -3	
    37	   -38	
     1	    -5	
    16	   -15	
   -18	    20	
    34	   -34	
    -9	     9	
   -11	    13	
     9	   -11	
   -24	    22	
     2	     1	
   -46	    46	
   -46	    47	
   -12	     9	
    -7	     6	
   -10	    11	
   -23	    21	
    20	   -21	
     0	     0	
   -28	    26	
    -4	     1	
    36	   -39	
     9	    -8	
    -3	     4	
    -9	     9	
     5	    -7	
    30	   -29	
     3	    -4	
    -2	     0	
   -14	    15	
    -6	     5	
    16	   -15	
   -19	    16	
    14	   -13	
   -11	    13	
    17	   -14	
    10	    -9	
    -8	    11	
    15	   -15	
    39	   -41	
    -4	     5	
   -10	    14	
    23	   -24	
   -20	    20	
    10	    -7	
    -4	     4	
    -4	     4	
    33	   -30	
    -7	     8	
     8	   -12	
    36	   -36	
     7	    -8	
     9	   -10	
    50	   -50	
    38	   -39	
    24	   -26	
     8	    -8	
    20	   -19	
   -34	    36	
     4	    -5	
     0	    -2	
   -43	    43	
   -11	    13	
   -12	    11	
   -22	    23	
    31	   -33	
     0	     0	
     0	     0	
   -22	    22	
   -43	    43	
    14	   -11	
     0	    -1	
    19	   -17	
   -17	    14	
    -9	    11	
   -13	    10	
    -4	     7	
   -14	    12	
   -42	    41	
   -14	    14	
    24	   -24	
    19	   -21	
    19	   -19	
    17	   -17	
     1	     0	
     3	     0	
    -5	     2	
   -14	    13	
   -10	    10	
    21	   -19	
    16	   -18	
    -9	    10	
   -18	    17	
   -32	    32	
   -39	    36	
    -1	    -2	
     2	    -3	
   -36	    37	
     0	    -2	
    -5	     5	
   -30	    28	
    15	   -16	
    -7	     7	
     0	    -2	
    -3	     3	
     2	    -3	
    -5	     5	
    16	   -16	
    -5	     4	
     4	    -6	
   -41	    44	
    34	   -34	
    41	   -43	
    10	    -9	
    -2	     2	
     9	   -11	
     4	    -4	
   -11	    11	
     9	    -9	
   -28	    27	
    33	   -36	
    11	    -9	
     0	     4	
   -15	    14	
     3	    -1	
    22	   -21	
    23	   -22	
    22	   -24	
   -28	    29	
    22	   -23	
    36	   -38	
    62	   -60	
    13	   -11	
    -4	     2	
    34	   -32	
    28	   -30	
    -7	     4	
    18	   -19	
   -22	    24	
    11	   -14	
   -11	     8	
     5	    -5	
     2	    -3	
    11	   -13	
    -4	     3	
    30	   -29	
    24	   -27	
    28	   -27	
   -41	    39	
     5	    -6	
   -19	    17	
   -32	    31	
   -12	     9	
    20	   -20	
    19	   -19	
    -8	     8	
    42	   -38	
   -35	    35	
   -25	    25	
   -19	    20	
    -4	     5	
    34	   -34	
    10	   -14	
   -18	    21	
    11	   -12	
    25	   -26	
    64	   -62	
     8	    -8	
   -17	    14	
     8	   -10	
   -34	    35	
    -5	     8	
    12	   -14	
   -21	    19	
    12	   -13	
   -10	    11	
     3	    -1	
   -44	    42	
    10	    -9	
   -11	    10	
    21	   -17	
     7	    -6	
   -23	    22	
   -34	    37	
    -5	     4	
    28	   -28	
   -52	    52	
    -1	     1	
    19	   -17	
    -9	    10	
   -24	    23	
    20	   -19	
    14	   -10	
    15	   -17	
     9	   -10	
   -18	    18	
    18	   -18	
   -27	    30	
    -3	     3	
    43	   -42	
   -17	    15	
   -24	    23	
    28	   -27	
   -13	    11	
    28	   -26	
    -4	     2	
   -67	    67	
    14	   -15	
    46	   -44	
    11	   -12	
    15	   -14	
    -4	     3	
     8	    -5	
   -29	    28	
   -19	    16	
    10	   -12	
    -5	     1	
    15	   -19	
    14	   -16	
    28	   -27	
    -5	     5	
     1	    -2	
    49	   -51	
   -11	    13	
   -10	     9	
   -43	    43	
    -9	    10	
    45	   -44	
     2	    -1	
    30	   -27	
   -23	    22	
     4	    -2	
   -14	    15	
   -12	    10	
   -16	    19	
   -19	    18	
   -12	     9	
   -31	    30	
   -58	    58	
   -29	    28	
   -27	    30	
     6	    -7	
   -19	    21	
    -7	     9	
    -2	     3	
   -39	    38	
   -36	    34	
   -30	    28	
    34	   -34	
   -12	    10	
    29	   -28	
    15	   -15	
   -14	    15	
    28	   -24	
    26	   -23	
     5	    -7	
   -14	    15	
   -16	    16	
    26	   -26	
    -4	     3	
    41	   -42	
    26	   -28	
   -36	    36	
    22	   -24	
    14	   -12	
   -11	     9	
     1	    -2	
   -11	     8	
    -1	     1	
   -15	    12	
   -30	    27	
     1	    -2	
    26	   -27	
   -26	    25	
    14	   -16	
   -14	    15	
   -18	    19	
    -9	     7	
     6	    -5	
    27	   -26	
    32	   -34	
    10	   -14	
   -17	    18	
     3	    -4	
    35	   -31	
   -11	    11	
    25	   -27	
   -10	    11	
   -25	    24	
   -24	    22	
    40	   -37	
    29	   -28	
    10	    -9	
    -1	     1	
     6	    -7	
    -1	     2	
   -30	    33	
   -17	    17	
     3	    -5	
   -13	    15	
   -19	    21	
     7	    -5	
   -13	    10	
    31	   -30	
   -45	    45	
    16	   -17	
     3	    -4	
    17	   -18	
     4	    -4	
    36	   -35	
    21	   -20	
   -13	    13	
    19	   -23	
   -10	     9	
    -1	    -2	
    -3	     3	
    15	   -14	
   -14	    12	
   -26	    26	
    17	   -16	
   -16	    18	
    31	   -33	
    18	   -16	
   -14	    17	
     4	    -2	
   -14	    15	
    36	   -36	
   -33	    34	
    39	   -38	
   -14	    12	
    10	   -12	
   -48	    49	
    -5	     6	
    38	   -39	
     8	    -7	
    28	   -27	
    15	   -12	
    -6	     6	
   -16	    16	
    -5	     4	
    -9	    11	
    15	   -12	
   -30	    32	
   -10	    11	
    42	   -41	
    17	   -19	
   -14	    16	
     4	    -2	
   -23	    22	
   -45	    45	
    11	    -9	
    -4	     2	
   -22	    19	
    -3	     1	
    13	   -13	
    -4	     6	
    -1	     0	
   -13	    10	
   -22	    23	
    14	   -13	
   -33	    36	
    18	   -19	
    13	   -11	
   -32	    31	
     2	    -3	
    15	   -13	
    22	   -20	
    39	   -41	
    22	   -22	
   -35	    36	
   -63	    61	
   -21	    20	
     2	    -3	
    29	   -27	
    -2	     0	
    28	   -29	
    30	   -29	
   -12	    11	
   -53	    55	
   -38	    35	
    25	   -24	
    40	   -38	
    16	   -15	
    14	   -15	
   -11	    13	
    27	   -27	
    43	   -43	
    10	   -11	
    13	   -12	
   -29	    30	
    19	   -17	
   -12	    13	
    43	   -44	
   -56	    55	
    28	   -28	
   -42	    43	
   -47	    47	
   -19	    18	
   -23	    23	
    -6	     5	
    -8	     8	
   -77	    78	
   -36	    37	
     2	    -4	
   -13	    14	
    29	   -30	
   -24	    22	
    14	   -16	
   -23	    24	
   -13	    15	
   -79	    76	
   -20	    21	
    -4	     3	
   -20	    21	
   -45	    47	
   -22	    23	
   -56	    55	
   -46	    46	
    22	   -20	
   -54	    54	
   -19	    17	
   -90	    90	
   -28	    31	
   -61	    59	
    27	   -25	
     9	    -9	
    24	   -23	
    23	   -20	
    -5	     4	
    37	   -39	
     2	    -4	
    -2	     5	
     2	    -2	
    21	   -22	
    22	   -22	
    16	   -13	
     4	    -1	
    15	   -13	
    25	   -24	
    20	   -21	
    44	   -45	
    15	   -14	
    14	   -15	
     4	    -4	
    -2	     4	
     1	     0	
   -35	    38	
    22	   -25	
    -7	     5	
    31	   -34	
    24	   -22	
    19	   -17	
    20	   -19	
    13	   -14	
   -10	     9	
    10	   -12	
    10	    -7	
    19	   -18	
   -72	    76	
   -48	    50	
   -29	    32	
   -58	    60	
   -51	    52	
   -32	    33	
    -4	     5	
     1	     0	
   -18	    16	
     5	    -2	
   -60	    60	
   -46	    46	
   -43	    41	
   -73	    70	
   -36	    35	
   -16	    17	
    22	   -23	
   -83	    83	
  -103	   105	
   -63	    61	
   -82	    81	
   -25	    25	
     5	    -5	
   -68	    70	
   -86	    86	
   -14	    14	
   -62	    60	
     4	    -4	
   -77	    77	
   -17	    17	
   -71	    72	
     4	    -2	
    32	   -32	
     1	     0	
   -41	    38	
    25	   -24	
    59	   -59	
    12	   -15	
     1	     1	
     4	    -3	
   -21	    24	
    11	   -11	
    29	   -31	
   -11	    10	
     1	    -1	
    37	   -35	
     3	    -4	
    12	   -13	
    -9	    10	
    59	   -61	
    43	   -45	
    24	   -23	
    51	   -53	
    57	   -54	
    40	   -39	
    34	   -34	
    22	   -24	
     3	    -5	
    24	   -23	
     1	    -1	
    47	   -49	
    42	   -42	
    -5	     4	
    15	   -16	
   -17	    18	
     7	    -7	
    19	   -19	
    -5	     5	
    16	   -17	
    27	   -25	
    15	   -15	
   -15	    17	
    17	   -17	
    -7	     9	
    41	   -38	
    12	   -10	
     3	    -3	
    14	   -16	
    25	   -22	
    13	   -14	
   -21	    23	
     9	    -7	
   -15	    14	
    48	   -45	
    39	   -36	
    20	   -22	
    24	   -25	
     1	    -1	
    -3	     1	
    26	   -25	
    -5	     5	
   -20	    24	
   -30	    28	
    18	   -16	
    -9	    11	
   -50	    51	
   -25	    24	
    37	   -34	
   -62	    60	
   -46	    47	
    29	   -30	
     3	    -5	
   -34	    32	
    58	   -58	
   -82	    82	
   -27	    28	
     0	     2	
   -12	    12	
    16	   -16	
   -46	    43	
     1	    -3	
   -75	    73	
    65	   -63	
   -42	    40	
    24	   -27	
     0	     4	
   -32	    29	
   -17	    16	
    22	   -24	
   -24	    25	
    29	   -32	
   -39	    37	
    11	   -13	
    18	   -18	
    48	   -47	
   -92	    94	
   -29	    29	
    32	   -31	
     5	    -3	
    53	   -50	
    38	   -42	
     0	     3	
    -6	     9	
    21	   -21	
   100	   -99	
    15	   -15	
   -53	    54	
    58	   -59	
    33	   -33	
   -57	    58	
    39	   -39	
    -8	     9	
     9	    -8	
   -44	    46	
    15	   -17	
    35	   -32	
    26	   -23	
    29	   -29	
    29	   -26	
    28	   -30	
   -10	    11	
    12	   -13	
     4	    -3	
   127	  -124	
    19	   -19	
    36	   -34	
    -3	     5	
   -47	    49	
   -62	    60	
    33	   -32	
    -4	     4	
    33	   -34	
   -12	    12	
    27	   -29	
    46	   -47	
   -22	    21	
    43	   -45	
   -17	    18	
   -11	    12	
    13	   -14	
    30	   -30	
   -49	    48	
    12	   -14	
     1	    -1	
    41	   -39	
   -16	    17	
   -29	    30	
    42	   -41	
     8	   -10	
   -13	    12	
   -16	    15	
    44	   -45	
    28	   -29	
   -12	    15	
    41	   -41	
    40	   -39	
    32	   -32	
    -2	     2	
   -10	     9	
   -25	    25	
    -7	     6	
    17	   -16	
     1	    -2	
     4	    -5	
   -19	    17	
    20	   -20	
    21	   -18	
   -18	    19	
    29	   -29	
    29	   -30	
    12	   -10	
    30	   -29	
    -2	    -1	
     5	    -6	
     6	   -10	
    38	   -38	
    23	   -24	
   -17	    15	
    30	   -30	
     6	    -8	
    23	   -23	
    14	   -13	
    18	   -15	
   -12	    12	
    16	   -16	
    14	   -14	
    22	   -22	
    21	   -22	
    17	   -18	
    22	   -24	
    16	   -16	
   -31	    29	
    22	   -21	
    -7	     8	
    15	   -14	
    55	   -57	
    11	   -13	
    22	   -25	
    20	   -19	
     6	    -6	
    28	   -29	
   108	  -107	
    -3	     5	
   -20	    23	
    60	   -57	
    41	   -42	
     2	    -3	
     8	    -8	
    22	   -23	
     1	     0	
    12	   -11	
    56	   -53	
    29	   -29	
    72	   -70	
    91	   -91	
    -1	     3	
    37	   -39	
    24	   -27	
    21	   -19	
     7	    -5	
    16	   -14	
    10	   -12	
     0	     0	
     2	    -2	
    19	   -22	

